946099
268605
797769
372729
532915
563642
121112
400210
860209
193626
471900
671426
374371
743123
225505
407683
929473
935609
760900
801068
238861
357376
373843
290943
151876
238302
963519
894944
196511
638223
628736
27873
623942
289074
415814
37688
203922
72593
530263
453458
827197
822078
430409
493120
851369
405592
519902
953104
861321
470637
580855
684791
547504
987321
908983
594217
94964
677389
155381
406219
834623
711947
284893
635264
946802
75406
113700
468704
599797
868902
455781
123847
537951
328513
970269
496905
718655
456165
805184
615555
930821
205273
239861
250509
381968
536484
969397
35403
790101
604461
867259
21283
793640
283137
707881
659849
262635
668595
723703
729973
570640
123358
901592
372470
634700
123142
578283
645024
222298
216605
692954
422177
698472
971745
636499
480114
872034
3938
672801
730793
410202
442210
537958
51563
14097
65941
226679
148862
535141
291911
804884
533180
419670
461981
609922
192355
553590
723443
359879
987914
570477
27749
427266
526190
620262
589545
436068
929899
575386
421145
222095
713926
589623
995087
696137
726247
488940
231914
330141
122212
49940
504237
195918
63800
547900
219846
630137
921490
745235
149867
900742
790218
577261
172768
198794
874926
844979
65046
108925
621435
277547
166253
894739
583847
729824
628826
396089
535195
664110
836964
359533
277118
578412
143048
199866
208493
292278
669565
193359
530951
726421
775570
552123
591460
579022
792307
549640
706661
569028
360458
504369
106342
78218
738433
169216
737744
490761
127718
882696
795660
113482
274600
933692
745298
453601
60478
691755
507167
797239
391399
562393
466437
606706
371980
234491
648860
496131
245889
839502
519958
912587
565162
152852
93936
29099
413946
253676
740485
79015
265815
874573
151933
648246
399194
502687
709922
620136
845234
956214
342611
818100
101672
154731
719633
446173
863101
445623
232705
497903
351537
355462
935038
440154
332667
769118
58113
911292
817065
762185
721644
441425
429209
782450
733347
159197
830312
754995
145268
75976
447917
305740
655969
590115
255321
198255
989962
922824
396777
515959
188923
433504
877829
648313
171728
528383
185081
124083
379713
839977
926221
21858
969486
443768
909954
409007
723912
31189
827116
107209
89465
789476
634919
994638
89905
115516
806199
260514
266670
346387
531840
655715
562343
715449
42654
229491
211893
670907
561250
78388
289695
740136
447082
528018
218880
413744
84060
176953
990487
316711
24831
479400
387179
865769
928309
792989
826137
492056
563865
417456
628923
35905
545073
842172
827191
119901
589008
479544
961441
958131
81099
514723
413390
356699
4693
145502
513782
420509
904314
402899
896965
723575
819573
871891
734334
595389
145710
213118
591692
535835
620947
363227
592423
505334
232785
696072
35359
282353
272111
245707
816073
152268
793159
652102
789315
955366
858275
57353
82660
166755
258224
899074
634629
973480
291041
40847
224359
810755
962979
669364
614271
718440
779256
624168
666213
352343
54835
267274
713621
504281
330639
715185
35615
61224
111787
818400
373489
553006
982246
971161
639423
793446
466195
910472
810764
595999
503065
277344
638104
3423
95978
750660
197478
795172
999710
19483
432361
282310
769771
395334
98890
35320
146691
666286
94105
834669
806282
109366
124493
993623
415155
269520
902777
944074
361718
628651
573262
167103
151216
467914
547719
169013
241622
570608
427573
960434
958359
158967
133223
131944
202766
877377
486069
769010
770913
643013
198377
793277
816441
897931
214859
36868
945374
421299
977736
797555
924333
154799
875326
381229
724473
949456
394535
605289
461564
518654
263007
559543
359160
948546
475411
928673
502639
210877
397576
512172
799867
23868
716997
49342
603659
197283
404959
808473
482938
820677
857439
458757
109069
137558
243473
535180
242889
580216
544428
856159
710703
88753
239129
393111
738390
34750
588514
400597
720995
45633
930872
151498
118566
497749
359457
307730
779412
456002
674044
648763
251805
403340
270770
219557
228650
925542
332795
231105
665909
735940
251786
641531
742916
625486
784598
28788
607555
577136
520646
71272
76669
890510
378617
877423
348087
950421
814767
876447
334697
657901
366615
486606
250010
75978
264757
210229
499478
329186
821999
622128
105615
842233
84597
514849
325134
147671
858636
91125
538900
286684
888757
837759
673105
398570
477758
370624
289152
241728
493156
308488
663197
337575
144995
964277
497540
86468
551005
986778
689448
282830
226530
844348
226988
962906
741794
924726
795937
605779
396204
755004
523997
112261
261986
35388
541300
456024
447612
398624
70806
909721
243509
384112
87301
449716
489941
734933
970352
174654
37852
992248
864113
312367
887944
958793
773216
957229
880772
4252
252626
184131
557677
151789
20210
127664
536257
632964
913657
365916
787686
505844
262349
765542
886485
142653
759604
670488
942049
314769
420211
532988
773736
306804
234695
870408
142996
563388
441535
562356
918926
797112
762676
102316
204673
848237
459558
262945
41926
202107
790709
221178
733681
146463
141305
800745
461751
287442
67262
454552
956603
271310
946079
678593
429108
984368
686205
280797
407355
529337
269661
561012
616438
727726
785436
330579
213085
401632
92623
7388
191718
213254
124283
535927
440529
681798
506413
796071
389010
542162
830072
556855
433814
482735
189705
651538
254963
547217
341992
295922
504433
760355
19917
521521
280239
926435
774813
935227
44980
922281
425664
636645
861715
73095
457055
968022
470778
663884
613951
882915
924887
478435
615861
440889
960614
53465
60741
993715
161692
550780
324763
681612
72361
658078
943141
8622
330990
380473
835595
338025
157691
744940
182092
444223
828995
841508
982326
332572
846495
140182
626370
453411
886459
360232
816906
955491
80673
497007
471591
668392
78304
502611
521323
833070
19864
643023
23928
817585
811365
939989
462651
558432
573670
558542
118793
686447
876905
853439
707348
673995
86389
989767
798729
154025
834163
328709
712842
996216
406777
927894
52739
211317
79156
524540
92843
483804
609330
734554
769177
809916
839114
51740
170240
500644
967400
612147
334089
924217
473337
20286
36875
629033
610223
182532
497578
933434
808753
603870
7177
17020
761443
135346
492269
338845
274701
179673
537903
445595
170538
898978
765405
641556
34128
994992
949487
256185
233206
59070
750689
365665
182055
356355
845809
979130
259266
520817
88439
500954
240235
59351
186780
297587
512722
116966
757752
303973
920670
813648
788492
506862
376181
809484
426521
707132
857578
197942
1499
320483
151876
631956
319205
540202
581607
381044
70170
264832
216738
500273
688453
126668
345428
428500
453078
322594
101755
912406
942330
127633
389403
740611
120405
747609
49927
341499
59423
460346
925071
670803
200536
406759
119942
619544
749481
235098
982702
197043
270809
204033
848066
842472
107752
884822
566688
752761
927180
236748
216466
576935
607621
676005
712440
361688
965791
496416
314259
94356
342084
819600
682800
486697
61755
206600
748847
690735
27905
985459
38702
862502
231810
786688
170071
408379
335860
271610
179140
879594
394001
960821
607946
807805
652719
613092
50665
30066
958333
318472
976526
164730
962844
113283
155842
281118
726423
67979
239347
856828
913473
990266
736349
537328
949866
526209
109141
234510
184125
749885
906354
947979
934777
448866
552984
775931
130954
617556
350178
44788
658563
678356
901931
815570
992315
528535
543098
995412
517121
881587
109448
960932
768893
516402
828654
341684
691044
805577
937391
368196
342359
217314
573728
727232
967769
959254
606448
544965
788971
23863
245848
776708
635718
404936
624736
429503
834740
616016
786250
991665
92172
753795
83104
207435
854088
277793
33557
54040
536645
674459
916058
858241
271382
336047
352064
492461
242756
663125
803589
793792
291942
694993
215997
923141
40409
543593
848286
939494
173597
781809
534440
895256
621004
789826
365167
734995
922040
753481
223815
5055
447391
479419
247690
28331
444365
302182
169672
818742
276431
103139
733964
93712
367311
384872
50183
378331
403025
977850
379484
60331
718665
900735
697415
906924
976982
376113
142507
229603
342431
448111
898998
327373
136841
10542
202867
487587
776914
960396
2091
297471
708877
55045
614329
874584
634682
815998
19049
847081
857537
791167
723148
317489
627211
818686
230875
842515
16574
860310
438661
97501
978579
287575
714136
303141
757461
546550
392200
423887
183927
940133
428446
785900
486482
723198
135039
625533
125307
697752
775511
877973
303614
143420
241635
523996
693945
976370
575705
478704
425046
377652
711028
194533
592166
662724
577887
681901
716055
867289
958141
405395
128978
38837
65427
480737
194867
855250
403539
202850
847462
459898
605190
901378
248858
174966
974357
87377
567909
151006
362099
855334
583092
42256
703466
49952
484909
804475
3585
547144
301859
164699
264903
791890
784117
692159
751552
590339
54724
190789
595945
823404
263438
959464
375464
425428
752876
7152
957141
666484
516132
443336
669471
752923
65388
735724
172252
712050
766140
839681
997105
218650
509390
404798
991834
458097
345717
625800
641751
830964
100375
312796
738420
747006
296073
484582
670259
851247
502405
319470
266903
658408
468938
611506
198416
94066
996561
842446
834750
22846
275559
949463
648547
572679
673964
620872
823018
610452
313574
143380
19534
488921
537602
898458
131241
95229
573929
535479
336026
60599
955579
375989
49809
67985
710123
232032
383994
585423
235319
967737
93315
63657
550146
19012
777100
463347
269263
174012
991274
595742
958748
661351
986776
790423
800537
692932
484411
842829
780868
33248
180753
361168
649954
791944
758389
305493
881499
527768
421073
349014
866931
217138
145440
95126
191521
128203
247006
176322
452174
428511
934735
57907
787371
200068
1897
870032
238767
111388
761376
560081
989548
887525
920652
433182
612365
233259
855800
170709
501486
539292
329097
146923
393048
360444
189257
20969
983127
631791
500239
205720
900474
780148
709709
766584
709543
769073
648502
79529
987160
433192
956298
680557
197430
730313
927039
568261
899856
660002
729037
379639
510648
545074
314454
628017
909754
720411
211505
378888
604090
178549
982290
906713
848745
811903
130583
277456
138788
708528
768753
862663
596713
657067
873773
585222
970614
786706
704542
327849
177024
280754
200105
826655
102349
308700
754029
331598
433902
200915
190989
986004
125597
91041
980891
242409
417135
155396
698722
682592
312949
310406
441680
937612
717301
399338
743998
211967
682624
231874
169502
591982
522544
338334
49920
258480
227520
542174
894593
967781
537800
203305
466256
464308
358675
913270
390558
373740
556574
28807
127586
192588
62000
10294
711750
45342
606865
518568
291313
514174
213864
266718
110642
60344
788468
188202
205573
781711
384551
745342
271494
585626
426522
747616
67823
2378
729777
704505
726543
572550
901325
447821
722250
455863
346343
826246
260487
587423
110736
299625
187258
895652
566146
679786
933581
463787
57889
822682
38445
716768
952468
679614
294128
599761
160059
769404
83806
964410
458700
533679
711779
748764
721613
145753
871503
513542
176624
335544
213895
764341
565510
266033
858892
945559
297633
29737
234789
875308
753483
360819
260268
867141
456412
283235
1651
541231
219964
268609
637265
219177
198902
138202
498764
915216
685492
650352
361636
105948
271325
931217
925626
603267
656712
166213
426908
280507
993952
946798
764189
909828
860152
315574
102373
827348
671793
116291
183190
482483
634036
798843
348986
914756
430526
497152
750215
884310
69780
319166
163741
677635
583765
510420
2668
651945
940840
253725
653939
747010
690515
25434
18787
834979
381549
19262
774562
77710
678380
619733
37995
823603
270808
594769
611282
417418
71009
999794
65061
503878
584331
7953
487151
646454
948039
222474
182742
587837
60318
137732
74596
257068
166342
577503
326946
295545
925015
755960
546720
454943
413591
208859
131026
163281
370737
531910
165781
72220
855813
120150
467407
341016
549209
673489
707955
307146
458988
67727
603620
414233
679851
281029
192241
839083
440445
497775
394239
345756
585849
179226
21956
10971
267063
758219
80495
272416
632836
250895
668710
517517
301935
691680
249703
482145
884800
823345
988623
276307
125385
391895
322105
26769
746388
321555
921407
215828
713339
160896
167004
647327
614487
152406
849906
264021
608720
661848
584806
822773
995924
16416
616233
202227
432803
93061
637010
278196
45318
489382
938791
582629
24991
637014
299835
674936
890460
40612
587121
958972
33478
73541
376862
694935
762102
156640
954125
629219
866150
730870
601436
363171
288677
433708
924163
451169
277348
773751
194485
546981
274926
991523
719839
780499
432309
41024
215373
3810
237191
265577
275948
391477
711584
581490
410154
754519
399064
456877
400249
974232
719933
323289
547827
440510
506235
616681
2136
701930
118712
417964
110578
908361
925885
617885
530329
641331
65998
956809
162323
209635
133018
898969
36051
597843
192013
20603
727778
354356
951875
185969
934171
525447
224152
225782
128400
163419
4251
418696
835147
465763
907361
194519
156271
608499
162293
871880
50620
419159
550637
826854
785969
927184
628056
142694
922827
218604
90259
922709
995500
939905
727419
154080
899351
801094
175676
604160
85464
74253
705032
696768
141312
296481
456548
677804
421902
313400
562332
86616
980906
726677
932759
548426
436746
845437
488645
881349
540727
516179
850996
665394
215594
597778
924866
706989
118480
443943
696045
803946
805165
71273
286534
56643
86045
516086
802181
403679
377205
809771
720565
57216
440327
952831
509328
108840
762244
375165
900133
162601
496060
806748
343349
242120
765186
459836
67614
244301
958059
564607
643887
703274
683829
64322
932506
245765
523395
46519
279623
998372
578118
838688
781445
720308
910456
741802
612379
94902
217922
561188
732541
967431
764222
999962
789274
927178
690646
143698
655570
721140
939083
533474
370757
301427
832978
517164
71
27132
761113
383672
379375
73136
794919
352940
809359
204266
203361
209770
287870
439719
16360
726406
45520
979347
935200
86435
80103
995564
523148
906089
237475
875157
79701
701477
78581
637689
675562
559804
732113
988442
434624
775629
221569
528373
754426
743651
769751
377556
294181
510483
316219
109104
60634
713336
992674
192512
922566
216713
197279
403106
964743
734484
670867
437029
71404
602201
651329
618801
266399
281798
436156
126484
839327
896010
358401
205289
754469
555991
248673
415015
727336
204025
774231
410883
381628
275662
645048
518851
99798
211681
962760
70561
350314
864167
736680
582616
514229
631893
604653
823885
503831
850268
773453
203293
404504
885059
162675
45119
441483
272287
267058
796822
501711
523440
840597
923670
363250
328923
632213
685008
867377
762560
984804
95259
692635
4663
654054
852257
691155
629036
993407
799747
647348
972436
769287
361194
109199
820427
93338
981419
460367
969740
447885
809046
915006
411852
626427
885020
151456
89587
669821
710042
32765
382456
96951
952262
372477
573335
269903
180917
15979
480882
888057
751878
177372
633794
744174
607727
556073
6648
998076
274530
783831
594612
663606
476891
821656
6497
863819
715401
753067
236779
551924
58518
235614
727390
574151
237525
993587
252828
632361
173447
118497
178618
776288
660426
26417
82681
286407
428639
470857
759708
292890
193558
913990
78314
3761
64920
78850
697026
972298
132369
802037
864278
833535
505144
316663
570758
162198
982332
366371
359449
853431
778124
439640
252314
246072
340931
439833
737677
596437
466991
343444
10317
793211
722301
599936
619011
935427
911874
209887
408709
114108
269736
695395
520584
43361
609395
888493
598211
47850
829871
558320
666211
290110
172600
980276
752612
332293
577189
436855
759635
101532
585042
559982
853213
193058
351049
172841
772434
38575
381517
771988
812732
496549
354242
135001
555606
684894
385340
595235
52203
27780
332130
753022
487757
596480
277055
207130
226670
275659
420901
933935
62878
664288
672126
611194
464225
391954
153968
880677
708204
548729
664428
523204
728700
343048
99796
686139
908243
185914
581446
639550
968017
167275
657994
528753
285355
898051
283540
497902
979210
494221
308726
657700
507394
741286
835301
308060
930669
437200
788837
62487
242660
23590
179476
810132
552345
431402
946641
741934
429524
636346
671943
220577
873928
174114
454361
461997
402961
33290
328876
710803
458637
770960
248011
563580
497492
619249
656123
590073
933141
248480
815068
67557
168014
653433
826233
623911
228263
333455
567148
53652
966764
441825
556273
17137
664614
713132
569413
281366
937813
917402
765498
875053
575435
431960
689114
364186
794151
19589
91830
824501
406061
506886
64906
563186
710847
924406
288014
426082
25850
836411
831003
986962
15984
380084
224824
418385
709757
501390
830785
666576
258440
228022
510451
489442
916696
995368
277078
47010
184784
845862
697351
730931
565961
293573
587617
874786
286922
213026
349384
773545
533222
516529
324434
925837
233459
442229
394385
316070
815778
794956
816705
695935
526400
89250
57739
425491
409288
425414
28276
149048
948450
815961
138917
215064
238652
441890
359447
329049
548868
798975
519003
549854
68799
879991
525059
598631
901065
625898
979056
258708
455465
107241
714745
938887
479888
266914
470709
373286
108079
889908
451814
857216
145778
688161
28482
409543
717660
57377
468447
694843
566656
423571
830458
28328
539801
270607
530787
290182
250759
644118
14537
3838
687206
966123
526366
648012
672013
943931
619558
604479
687520
991991
644962
480158
606227
339203
467987
656741
19643
882054
97773
947309
333650
586658
464794
606889
809607
377406
182695
492428
357312
291710
483279
563016
923885
771796
489890
177842
36362
137712
398866
983617
640049
152531
235226
647734
870873
567041
979852
51413
860399
212117
467509
293201
954511
69038
1966
374725
806367
378247
101698
153631
308424
505381
11255
63127
456786
242473
267515
437725
776412
17797
124845
492881
210548
335947
9028
980012
283481
131169
565536
539772
740426
143569
542251
486732
642314
997117
912235
219874
656819
297776
890280
653537
943092
466895
112756
649487
731049
960814
350748
538801
196693
963647
461674
37843
37631
90213
92691
418532
586150
484902
797508
578429
816481
18431
828036
373954
881176
296594
290949
383073
783385
935995
248013
958904
834648
367232
143292
656211
859782
475494
844345
89490
374156
71712
11197
570409
432868
766755
983547
576130
48788
425109
941163
284349
653769
519011
738802
178583
398092
622962
349616
617960
804451
560237
415653
21318
907462
828285
865920
432840
85948
85271
821510
103333
124115
206446
980764
139962
497656
570890
264177
650922
652216
303089
528394
242783
443988
93569
215723
598127
751226
648351
568607
84955
332518
135050
369509
871729
847381
822025
274743
725649
188577
112771
90295
71692
969918
696813
416313
810728
328975
922973
323367
6016
903206
571134
157333
675400
136727
480988
334306
157807
407287
472351
122503
80413
444726
799125
409791
342812
498646
927080
417363
944147
549319
311726
113025
616108
341793
576735
95368
343831
997373
551970
570899
731624
88689
86464
612928
364508
258725
83194
164363
825721
690070
611189
967067
852307
731111
429203
433833
553450
87263
919262
605321
367793
163332
862046
336919
821866
197649
758474
468927
327340
261014
383387
528232
807494
678253
620027
697342
453822
457172
371165
232218
853106
897964
405222
747921
734816
433485
901960
766806
668225
594372
797616
525388
205200
597930
14678
514220
798376
36578
462513
746896
169099
823022
225037
929370
378559
198510
155380
479299
907218
698167
204105
523204
424895
259916
873973
370842
49321
547580
508280
546490
641028
759831
209825
287889
208019
189902
193497
564342
175499
268902
613081
32431
792279
619225
698108
181277
49141
223049
425134
671493
942141
411233
280324
733563
568066
445899
407718
779309
128081
761095
483751
600137
462615
301231
535157
892236
490143
510724
812396
458217
408440
364467
712197
567122
938996
903914
449707
834469
323085
383314
106670
943286
990179
550632
206928
128053
772193
563003
586493
491772
686077
740548
756952
587960
294173
828509
242865
15025
548759
554080
163859
579255
665745
4637
424633
672235
627592
915063
708832
511271
29740
946011
695
426891
861223
151774
479219
934373
514942
124275
704831
862524
799184
574150
297617
926137
490364
359543
130136
862515
392608
256694
859217
106517
846012
979831
157753
120942
538100
533778
25693
680725
928564
927803
640141
28023
173166
59161
562543
506815
303551
601284
489327
585952
295919
857824
551764
107266
868119
629457
384558
312966
937501
323225
307691
874488
726747
25365
156042
206608
780318
196177
354471
989285
783242
809219
914612
544495
148699
247531
138568
26743
752070
720517
907473
342621
141054
322791
803750
767622
988818
451837
238711
508896
410931
188255
492390
771411
823700
500940
237678
470981
8298
61126
384833
470858
130771
687753
805040
589287
194003
445353
715652
841473
239993
637831
849194
270503
298208
975471
814602
119161
784337
840978
56824
386355
605702
347739
621571
614234
218825
943023
529452
899521
270267
848646
216881
214520
487345
644641
388614
190738
648313
737063
370917
19858
410426
693216
801532
610737
649721
975181
936325
193743
359992
833185
373300
72372
724409
540128
946057
143873
327648
428179
811013
292983
499318
352421
186745
944291
314634
518110
633785
360741
577010
885881
627504
382748
413167
945507
814286
80433
715630
958739
633308
321276
461483
872896
716143
703062
327664
937220
197179
235452
889980
907403
857471
720604
26942
270135
101022
638336
808384
341268
400142
307348
572065
315251
790569
815573
372859
32677
687713
452696
109795
37461
897937
132660
184142
446915
382254
240718
553040
962649
125468
523199
30848
285995
424029
116836
704632
609808
687268
445761
578233
251863
646600
451858
596011
229096
156820
153904
732865
713977
156859
412765
729723
790121
106024
600428
829829
512381
964916
31696
503165
22004
45425
658559
126546
474440
196259
894274
244552
930308
355214
224604
535383
968573
524331
802900
931379
808942
329972
638561
242471
90484
526878
105010
585435
960994
151975
153239
71540
296770
382213
461391
191962
827881
62782
335790
511957
733878
415125
700139
4752
674215
624994
344708
736896
419031
612603
553230
108254
197016
860686
623581
270736
154665
304977
406987
107302
572116
154576
442537
134847
669607
723045
833664
823564
669260
856902
630658
189228
927175
434936
803410
58871
334860
578658
46381
52311
705467
875836
968115
871888
490809
959718
337366
345439
83756
538069
410718
798592
355090
991592
52246
417866
271743
463257
896406
563958
857585
47567
8494
345021
580945
472399
43756
161311
166665
815187
711115
427135
901948
443443
627256
775595
974566
666368
733186
985978
698642
408688
631005
79567
15346
176051
827922
95354
249054
564772
9799
645309
469996
182299
710758
254635
402216
772255
862061
578668
278704
363385
557266
361118
640175
143587
860177
748310
878580
344863
105427
375812
731950
987557
68156
410868
266886
241204
345170
579569
776409
395786
960709
544772
785617
759023
778271
641882
573343
480363
958153
751235
853334
778135
862263
336215
461479
179857
502449
672947
506229
414025
180735
34529
261652
113592
703409
543062
797603
16241
317640
63380
87939
697487
517892
332464
247923
901966
387531
327726
952522
966070
95539
304392
68176
645490
962604
328526
539128
209023
492557
168359
758014
757696
7609
140149
19289
77742
561326
659926
521438
698092
660650
371079
362993
142904
84282
257444
760424
621950
405472
367371
150653
753927
402528
504542
208560
656654
394855
498854
617783
529011
207833
734933
925219
303049
288181
236580
249233
336138
721255
66139
212041
461162
625195
891439
634742
524040
475609
437445
770050
115457
773649
541525
448398
35487
820355
934122
65099
705263
814427
320069
872312
86192
26568
489313
691256
959527
992104
42258
507983
59792
732242
866823
325177
412207
424063
367534
554471
694660
475989
204854
651158
229852
594514
139888
40526
692356
727569
611151
972661
4505
473596
883086
401997
207355
825423
589808
108305
627552
59780
676643
47207
295364
624161
962558
366145
919614
575514
736105
596758
879726
938083
752668
230073
418323
949015
844096
800339
382969
515198
491377
101762
292943
59070
737765
258572
150999
153953
472934
879745
469750
158783
987899
973293
282603
289608
330597
380535
451356
59184
274629
734810
387660
627511
724123
773757
959082
30740
772073
207856
271427
854525
767798
391365
478422
23382
847022
527881
219784
697268
329702
748702
964526
209484
396542
768630
546376
396604
974367
506350
656526
869430
863332
425861
271009
709957
233110
86327
49828
495037
589135
249018
172900
595523
487359
799508
854322
890294
10445
396311
404882
62969
523861
930746
91340
447519
160400
360470
596319
770161
610129
616762
504597
864542
5868
230251
95602
335360
860977
971579
650118
575623
845910
707588
439202
194372
677619
646274
884711
374164
531942
401674
944314
856231
570006
332587
749267
575596
253653
35168
302965
206555
120031
991534
250040
817182
63039
642464
468802
511965
887889
385117
362516
481573
899362
264547
195520
706228
176115
758242
463737
604131
291485
636151
962243
46448
184462
847619
470793
713767
667185
161640
110413
305517
160556
177184
291129
989609
179779
974073
610837
495695
180442
501553
930834
980042
511575
924777
866371
52358
420646
254345
678507
645911
544534
2865
87665
556617
863328
822999
172656
791877
839368
465858
180203
284188
635485
875810
533982
328371
261658
612169
489007
953035
346543
373194
744451
841132
31641
996525
20014
172654
7662
616844
209730
128420
158261
137101
506888
209701
49649
119932
881805
707768
24511
729027
437139
743579
291541
859145
487273
602032
4394
296997
191189
253701
833972
954750
90541
919423
255309
652865
534789
419810
695215
821949
654082
618943
575454
668574
126221
479482
180581
410884
949347
509430
111864
618559
226186
867744
47736
107497
411230
321877
711254
644256
829514
922353
8783
464799
346962
64949
482197
111353
567564
486036
174030
435441
451631
652186
666165
795512
70339
918521
552607
37316
43384
342898
127576
844617
126035
706269
127276
359446
811779
507540
98049
333775
199698
187394
595617
851651
857655
834371
54550
42857
295048
506040
864878
120764
251340
475179
372446
199792
454382
488729
968643
38927
989582
842336
605443
384053
471858
824070
406802
919140
374490
653859
213073
961093
323377
852333
483409
694076
297759
319006
642613
885990
71675
143492
771508
79410
914334
962405
240830
110361
230099
118092
105078
874235
645354
900340
993438
226136
132844
485456
888337
423399
243688
189813
17577
620822
876908
166117
670976
271839
819344
838457
756820
5188
229548
853738
556100
100007
504297
795836
133431
420296
567349
94599
856924
763611
523664
265955
190667
571205
769988
303599
68426
702899
708657
138686
728364
87511
52230
917919
832725
940288
588748
881928
646872
754389
393052
744478
121217
343470
719409
233444
990318
821328
146136
137277
690328
76482
810180
621023
374832
936656
577598
809814
913636
864796
398521
139506
853632
211931
722435
210767
540593
289203
522776
751615
107494
868015
886481
63638
381583
285917
56698
626257
156039
541061
16704
435235
104014
602630
868425
386142
639983
10190
923294
168123
184193
207797
753411
218758
827400
562039
457640
426920
302331
56652
580024
551890
703776
241190
656334
154372
607764
12103
738055
654711
306471
64956
468274
233005
647139
671417
589220
619411
826669
116050
922665
547983
814917
5844
938901
54188
49768
566782
492728
224928
27093
794399
185647
266102
837804
4557
384727
684444
312497
503103
434077
731787
456176
461000
785969
514702
398907
704177
875289
546674
129679
526641
945122
354889
742421
124235
232945
309018
427652
551748
545399
342888
405475
386432
694915
342685
267564
668216
921265
342740
872460
823578
814976
994624
500680
270910
179905
620027
70009
163584
2860
217263
61688
67006
538061
635483
789588
922607
208923
523651
223232
794014
938921
982455
782282
704579
957494
754429
401734
814972
36831
744733
659977
950445
252148
789962
839249
873201
20711
959080
598530
354427
987616
340286
30987
721294
863982
111610
349159
55765
423897
659547
82752
854367
189651
417279
812910
149947
51341
567049
112156
960812
12197
288750
812043
239498
928572
937373
630704
510901
247206
789833
884025
719478
311291
148308
791470
826419
6858
101465
869874
561359
386605
520726
242216
961436
931960
182196
710578
978622
470155
562677
354900
546461
548551
286585
640119
762374
197981
68077
97034
274783
629570
963601
885251
888645
332479
506979
121155
653252
693348
36973
429144
845426
645148
23656
978844
254952
177116
970508
211770
218846
29494
823605
243600
514402
414730
77619
62768
666997
672987
388718
845569
718530
171967
249524
954179
288636
378225
84769
307568
25938
14081
770154
140989
340306
958186
697606
239424
15512
7684
693753
681579
634096
808208
272830
865974
16976
932721
253776
711771
859307
78330
324501
369787
913075
305250
241512
115422
22254
617940
186881
730840
426868
559779
573827
814022
289346
200283
647842
449016
237118
122227
249583
453609
695880
612318
854722
199785
709945
396096
31491
708252
937403
578366
652693
19611
230981
898990
164319
418424
144689
101742
132919
31646
107067
459344
414957
699415
491416
448883
167538
45608
251633
233773
321316
178967
53371
768548
607095
771981
209844
65084
185473
817941
152635
58986
97249
150340
988236
351015
360205
267763
471064
966657
978616
631592
616829
898187
856924
685139
237607
609205
296169
711476
630594
383990
983690
122394
12763
145957
275280
253765
136786
159976
580413
21741
335678
465539
348399
290140
299741
659794
772840
957046
617462
68882
585078
903833
956237
22169
816195
514783
338562
286182
124731
363200
138951
529363
823957
271253
127932
154407
432065
380599
772009
143752
362604
949062
235095
807757
994291
838981
341259
443506
366498
82787
540512
522277
97511
859669
80512
354493
915223
419934
566015
292426
982044
674864
547924
173895
967291
489772
219060
3820
623294
938950
817229
708704
135042
530244
853596
959052
943007
982373
857771
589131
804143
63774
408555
244669
222397
191040
443497
532795
657036
777141
479280
305124
335169
490729
434364
724758
904942
2501
920790
293113
502971
849046
317777
183093
857843
707980
778527
188227
240296
38431
463824
233761
380932
736652
971369
508511
77678
541565
641245
624599
777813
276551
986091
609914
152668
869197
806547
247300
873890
308546
305526
572497
928621
994251
171209
190858
732146
851458
862901
550968
410371
921623
288399
859577
216597
442513
196079
401231
226925
584434
283055
762966
323047
984313
288386
673550
465635
270977
781870
171926
522892
137607
3559
490170
144262
564681
185226
665955
809332
98697
998770
530093
643363
785137
379067
851862
415830
738768
852561
224529
188398
328834
675187
746042
450742
982062
725962
189093
293449
509353
123680
269519
613664
542457
332927
624950
439996
663796
433639
603397
100076
48774
692074
437479
956796
34640
934312
523516
225914
503918
44899
966889
775270
233233
732030
603978
990901
449227
808855
368131
898114
459114
150141
62388
73874
294843
893392
837898
284738
429232
514484
197618
277903
284124
827953
64745
883586
167834
876907
217071
776822
798414
594232
198682
427079
481795
536419
613383
183001
191604
212989
319979
788866
265958
731162
667271
856341
352434
882735
146362
968268
383905
8070
815664
595153
791791
74011
259129
486889
952690
124631
324148
883966
85716
334950
327914
757895
165756
807287
631991
202454
710860
546319
226978
218877
543491
42891
779534
993438
465665
164592
444042
847246
915819
680560
63363
778982
214757
572156
35545
319718
333372
751104
349710
720837
78630
196864
991131
644761
627936
885645
528029
799647
269367
463779
992300
752360
456227
377570
383757
196065
84557
542247
416445
904317
824626
527751
562413
41665
420447
882856
744654
5739
354716
425723
442818
332288
142053
429657
288625
16497
581395
209657
413437
309737
332442
618124
167501
872822
822891
776373
441990
713233
307322
529256
498584
41995
127706
727902
42484
816214
62852
923634
777116
470510
748982
194652
455826
403234
706552
966151
605746
797251
522042
824400
455452
709607
587673
443229
483401
727130
622080
168536
890175
834339
96235
64391
511711
205998
834887
951114
725980
861019
814645
905264
225734
924706
377646
442805
953732
671776
787392
829724
729440
903235
431735
249893
426621
660047
956119
256940
562595
878026
936453
431582
514107
972170
18949
337880
211478
79833
113501
512350
158631
253314
625625
745844
665553
14139
531688
811356
366427
408430
867236
425837
67265
361510
611823
30989
865892
398867
984376
261771
751649
192441
462813
827035
198974
584827
387883
78319
711360
288704
742208
946414
554779
686271
232914
835411
440897
172717
603272
296229
345820
408960
145926
132430
808790
710878
970694
580123
592597
299111
875681
734351
651269
672860
264494
389924
640205
514858
343297
369119
137635
625623
602325
328463
850107
589512
83012
892898
906842
658540
968754
269411
978442
504265
990410
937939
58662
295905
441760
669219
700693
761856
320118
276236
733459
522597
704090
759180
166251
749067
236332
540094
290433
721426
490622
663636
687307
233103
505620
206323
341152
760237
275786
648554
202921
583870
202709
345488
813940
490210
208290
312570
389543
545170
447514
122646
205713
637770
134855
994536
415132
144593
635600
490462
405535
286054
708000
375057
978384
7817
495525
834523
712534
784546
523509
538447
435773
267282
618826
259289
658371
198421
124078
684403
438479
820113
710258
577985
929473
267773
707032
121739
214116
412145
535632
152404
85760
793734
263967
926363
628813
688873
517340
257518
668418
599681
63189
20773
16522
23546
911246
686274
653784
287406
588137
525539
772626
819504
790689
960225
101992
167860
481904
376841
91144
229022
221585
804277
751338
804837
275232
91654
158470
941348
434653
86527
895398
58045
228431
866689
795733
742442
885893
936287
399351
41442
902648
35677
901426
828196
856652
253834
992458
371170
111733
597047
891275
60237
237686
106131
96351
568121
881989
745508
549823
325421
174603
542756
19334
360266
983943
463094
124129
597270
753746
637507
418787
670563
699389
673014
383029
929632
488790
238864
859755
1916
376458
343336
508529
11314
142756
17603
940260
841398
907380
882188
541949
445178
738891
126640
237864
396701
818338
145368
919219
195761
544090
119620
650018
555431
849437
184769
514207
250521
472356
714118
604366
191668
769939
653297
337215
69056
402175
241881
274813
123406
100047
703951
988291
146301
662784
23158
132814
546600
459266
678396
682062
891759
590528
390196
746422
643489
310525
283410
275058
772483
580890
360002
438392
971392
393908
943973
577016
243180
321642
813673
706029
424246
570812
258691
921877
890026
271502
632204
862205
323937
930700
725813
977078
581254
831592
217192
447844
803653
719295
651901
335732
27345
355226
630038
289709
397394
515921
708440
617312
128618
862665
533382
836858
414307
779741
793851
422648
692343
704730
482180
662969
579002
916197
434840
476463
110120
511160
837365
959407
528519
208649
627352
416041
326713
907083
831128
904113
71264
336909
682527
980923
368685
950785
545286
815974
857032
782744
208716
290351
624982
32840
588787
922566
95721
980655
525688
533053
584458
111697
934317
622109
144155
937278
697332
92627
907884
136207
68954
485384
344669
939086
517837
961550
22571
600117
958140
925366
223960
963151
510409
166718
979771
461371
844205
822951
646625
647120
947497
572517
423455
491098
111653
754736
138486
524161
674599
606200
581345
455754
29297
98741
16253
927095
728695
336988
899093
530634
315451
752301
77258
604584
113543
685225
478427
659928
786055
553442
894487
135850
587904
275626
733084
513972
668465
336621
193482
129848
102724
501851
941770
545697
173553
161277
197044
863980
145392
259689
696674
118116
304408
47249
765327
334341
463705
750005
113002
630274
880402
383353
464189
671011
32784
899985
807861
821126
837221
665496
819597
344581
503648
785792
302619
967288
122990
597668
569847
269585
902988
223098
240388
451302
830824
68068
755100
989836
504596
391397
613532
280606
700901
950705
697737
416925
412334
457245
764125
929969
873044
568757
46834
821326
725326
496940
972234
936370
489916
664622
980665
897418
609376
139922
845359
41845
750973
544747
924582
904608
665226
70781
866468
571728
171027
992461
514093
851134
715565
611538
39753
152988
56340
909959
430637
748342
98595
180450
155401
925044
995694
956958
293293
737468
212415
594293
424409
739572
904044
777578
844895
2917
527250
660162
254647
205883
702448
94610
148383
381480
256546
753524
509037
298089
612215
812243
401843
419489
374002
325158
32909
291361
453914
500666
575945
133961
562686
173159
238388
267847
932297
774116
571645
346622
463293
452791
621000
83715
683919
981893
414162
400001
674463
959175
209276
154300
543251
595229
94966
258546
853391
768381
760905
966302
556755
543940
649152
243542
60848
971565
710900
513300
950888
35935
7539
6993
53537
168672
866381
624013
709702
409128
263290
64492
823803
26064
453611
824762
215546
330729
520555
941263
719695
482857
484722
5262
977452
500609
416647
961223
680490
660810
49230
853884
776477
835101
127157
937857
55058
605569
171127
949692
929575
945023
450636
902412
558087
427090
620974
263303
603394
340859
503303
971419
692293
814704
658044
164117
857722
558836
492112
866624
428415
697794
929654
823078
201723
205859
871096
591922
953187
866655
138173
485621
687432
906640
529082
338695
174809
890770
848632
174662
607357
151446
225853
805562
880581
168918
638170
568729
160338
376803
739729
56230
664067
711706
923552
328755
279512
975093
484014
538440
647400
488381
370577
808220
765115
251741
302202
464128
237573
284498
950910
151003
612736
322431
891201
399056
381348
80477
455809
147388
661382
25424
463420
897819
987211
384724
955199
495626
104007
311766
744077
922151
817334
308511
290728
939604
980245
40043
319807
629531
706590
738840
626035
270187
121439
478842
539847
915265
74358
347467
762852
738466
585643
534400
124359
350788
853930
157238
565768
389389
666843
544075
930632
858163
259808
365194
295861
958914
356586
401406
667644
476732
831928
525735
438221
185050
558830
506187
501892
306993
776206
451683
601849
91824
267221
619894
674469
626885
408052
812612
758063
651872
628393
364760
101522
86352
553146
209153
900525
509129
582990
72922
283624
82758
387816
628676
153277
321611
219392
495477
389418
61060
10624
8554
353458
381897
871512
950136
901834
867779
393726
919168
32999
985192
327686
271425
396066
692514
561689
508552
568196
72013
659349
828482
764404
155295
186049
164914
784058
150051
838315
950781
403695
749726
38944
86307
858435
679954
338632
854280
392107
195744
283419
217136
588581
743112
994820
42186
491049
89037
882064
485219
497134
753012
249363
706171
985941
406762
414104
950581
956726
401093
916354
66535
51846
327011
703235
38098
881122
388975
159288
274859
985466
879298
199648
215640
128860
724261
300152
831862
918876
931509
31540
578135
226206
219807
253019
931913
312512
365195
703295
401489
568614
936918
23448
430903
211043
748215
980541
203387
682048
284867
535614
745253
464045
192075
241440
414522
384450
490787
204086
819850
891568
909310
159896
101799
64136
216245
20483
673648
586984
847398
668813
93195
734206
83833
339267
733489
602170
752574
186273
89570
899348
324082
890796
323322
22327
517473
833456
605404
890185
666853
463762
929482
248535
988492
470673
451991
404130
262616
916509
622579
225920
483359
48980
173094
473649
70419
917781
382744
127359
518172
84931
422860
571984
188385
567448
223021
713292
630182
447139
346625
630949
533647
538463
811642
295751
397827
100530
888171
378270
316844
493567
692376
677694
353882
250984
915430
271156
960135
894435
644081
616999
963637
68215
777532
988137
530612
103700
565699
448608
190784
730061
484717
722635
87878
668275
121886
154227
648903
387855
379624
364593
687446
819259
192609
305558
97723
208413
95631
859578
140346
580865
236736
407908
438446
207762
943607
675411
22990
83573
443840
170791
900881
621763
947877
961263
109358
835105
225337
261520
397501
886909
577297
317582
5497
674086
185555
731834
713702
547144
605670
260408
887567
18563
353225
330988
576361
440680
872896
634433
41044
983312
842856
448597
420351
328728
422444
727364
463146
798844
646032
637264
691847
869327
136810
467690
768506
354452
571953
705184
414080
481277
757934
246178
489131
707517
686607
111794
955723
146060
527002
328744
699113
369975
71551
211679
461485
802209
432198
372992
541599
212122
460391
883496
513098
120217
396088
909689
8700
84377
556353
749114
493035
566478
928235
443820
310258
637187
978455
598826
537336
239826
656524
369019
488754
801663
17928
170104
30782
526129
817015
996692
940976
613965
984194
47117
964330
639856
855102
978286
598628
457609
390469
398974
311820
765138
370978
245961
515655
230825
312998
404744
876501
242319
965847
437231
203346
145403
331912
529748
494808
455004
450820
86647
147138
116522
756516
20914
490124
672680
879424
930814
164822
677752
750850
834655
397127
819866
824406
657517
285582
657539
259005
375297
432772
896918
823617
937848
694510
760193
531523
556071
211934
65719
38768
198939
135672
3397
431634
2955
842770
641875
402115
678813
24309
345146
74428
905553
41665
324348
869771
688590
71980
90404
12579
20231
980906
179643
809741
823562
169449
934180
970557
982821
439092
141077
55615
405877
915703
308466
33296
429132
628130
411272
169545
146814
376358
754338
77430
682056
17948
782412
433413
780766
447173
750562
453082
320976
923308
925203
226304
213464
869160
736056
795129
203714
451581
248971
828726
681336
857314
633349
953442
349609
983646
936472
83672
581910
451660
25734
101366
915641
408765
782684
271689
296082
443580
60879
847143
787727
121900
294961
575836
767511
934734
604240
114556
341747
839775
822508
664152
350489
675230
651026
862347
409239
999532
275993
120948
686744
334987
264184
642366
411030
420041
645123
402586
6685
420598
938432
687822
89528
827728
861354
421735
108154
974656
866625
422730
970666
920765
550220
666409
247628
614351
978925
461329
271880
75886
991647
184159
186938
974217
198926
322067
888725
343074
666770
552892
647156
586006
712906
861715
384703
515514
115985
248740
678134
401953
30816
455847
426653
588539
236416
248493
872964
644376
803561
532406
99634
637450
294460
276191
91118
601191
785050
460088
759593
113645
421151
650164
16587
430081
249215
500282
224280
365008
45115
672856
678143
54102
455871
947799
674047
566525
618779
8553
519158
85213
194780
928639
959624
300642
808775
894135
450792
986123
155505
88051
357126
791567
656894
264837
45205
814234
597940
60998
90360
98229
998011
200390
342536
870211
310899
370973
114116
131367
558002
74784
684246
176067
818712
214255
351102
881884
885649
810732
329181
587481
665447
565190
147168
898730
53761
515379
508871
5062
13501
543676
572881
463500
851621
787378
327622
530827
882448
862142
758561
271773
668312
784278
3351
944494
823987
925324
561992
825498
18096
657920
335297
535413
352528
184566
297196
481380
839551
87106
708117
330216
336621
518368
763097
140795
853646
980832
856237
605971
750506
879038
600776
384003
901793
150224
81262
149953
61247
349400
309275
923842
67256
250553
170760
961601
326016
864519
706716
612639
682633
648631
180594
361445
260890
353845
572867
261157
729225
860373
687472
149438
247893
911201
417263
755261
606306
408337
163919
10976
24977
991128
528937
104183
747003
843035
454437
195364
571851
248957
658854
135617
314549
800213
959827
621344
127127
643201
401475
282029
15082
979924
162820
350384
304613
954218
283145
681839
824622
155421
776173
974129
579581
524112
31528
893340
599376
60712
945357
338880
431813
23707
540605
232301
42711
1504
900076
817278
340215
764614
310029
91129
657286
306017
44765
533070
542893
489183
485129
891517
263386
116216
263869
815637
989527
912388
856331
14487
842888
313254
494388
643257
753345
27238
478613
461958
542210
547549
580208
729826
59024
900873
379862
400812
320113
443584
628015
795644
822595
290946
763046
502604
19641
149543
302195
686706
701043
116279
360326
596299
933689
751960
623117
878196
680789
126498
945506
330994
472330
975119
44756
948529
927028
481486
611216
338282
442173
923766
963309
480733
520953
708887
236241
418046
813663
137453
144834
589612
395173
320686
652941
481564
679479
872579
20813
306260
378899
436179
249048
77588
790404
954
320204
909327
428856
534488
136753
424406
585408
393670
935627
768726
197285
325540
371135
609016
110177
309902
68319
764774
759681
394925
667476
893422
66261
629353
381159
814271
136144
204988
540908
922383
537539
537506
866571
713887
113
173421
844524
650262
400526
704628
938622
619210
90137
989611
51877
997086
164115
321615
877310
508613
630426
260536
127376
357669
56103
580112
124368
682006
80161
110754
675536
854089
772635
462604
509894
701574
214065
895887
315765
974989
16122
451461
887098
867806
901290
775922
77685
578708
85575
378930
186834
902381
367942
6994
116467
178917
195842
157051
910012
311807
691224
706186
170426
691813
912865
244603
538929
417767
107149
402819
237568
470431
946136
508348
342067
89397
26668
385147
475877
697343
665811
569789
765456
422720
439959
13504
994995
205521
131385
935855
35230
726302
797066
757109
852957
486087
255144
223347
217343
753062
646745
392844
614018
338032
970045
401245
522908
584052
910579
405066
143464
139649
320523
112884
106348
110373
886307
720583
83139
17551
416608
30511
205420
125142
725451
280426
772141
163923
551237
99448
911077
27880
984936
844656
452205
56164
531388
709613
301290
358271
526739
978917
689971
248512
245122
620633
190105
908030
440700
924072
592215
534338
776908
453759
59479
980940
611055
409131
215199
127021
18571
890063
729302
698897
43856
692721
181303
948767
559978
821038
180305
32697
400864
335246
805048
441886
785420
986994
762892
236207
534903
202602
192547
881551
634640
184995
165654
808675
376457
989758
54437
61304
470095
282299
682440
978180
181348
572756
644627
819013
910554
682470
804420
196102
694637
888394
245548
748480
373118
870851
486200
672861
959784
449231
57948
325016
638273
589344
804635
88768
580015
39589
551797
183258
108772
616641
902828
237670
541047
862429
275701
69690
643360
453401
356536
365707
994768
4253
765636
716555
291179
385998
987475
354668
957795
503837
965108
496770
904370
675001
608795
151046
839732
838180
624513
730294
146782
751651
898809
646490
933727
955343
814609
954018
921169
122953
969505
779308
418140
402059
797171
823201
454952
837657
429518
449343
874236
275221
287841
975281
263288
87282
505033
794138
960491
525825
150207
757104
671122
42343
871457
691717
631982
248496
822811
535202
748224
996220
57458
310092
716388
254167
7725
289448
990471
116519
333600
964090
272647
611134
111638
837769
701350
457296
611866
996575
866217
721854
438754
372268
948371
232528
966617
415626
434553
715842
574728
619804
940098
242613
825120
245967
983997
340102
92518
428546
508383
688380
404987
592386
674391
625307
759431
50350
904848
101781
440130
683450
202691
100832
521566
182735
910454
846371
204052
438286
258452
456970
362250
203637
255594
731705
886238
707931
914876
578460
542098
883733
848002
274013
292052
700667
729666
223343
470376
281220
935115
463111
818996
584782
516363
701163
58600
113147
981454
108387
858248
441909
33427
152011
725079
858769
890380
931082
772577
285777
760563
351453
996774
301060
844036
542861
184286
164040
496347
569279
809965
551664
907306
384106
452645
829312
914518
995363
415602
596565
150831
911700
869158
146210
575178
8011
897762
345620
99965
124398
68381
960023
91639
403533
609492
989810
883577
46032
860238
694734
84853
881807
978443
793748
480129
672064
489673
15540
170616
758155
489906
976513
67566
634874
835429
941753
760909
258700
862431
420899
569937
691433
271878
306577
71452
532655
158994
50693
518454
195818
188824
437808
541669
589411
170677
893013
283877
79375
239507
436429
696517
663528
190107
894883
86366
105113
37559
465247
199984
959507
69186
1440
177178
159293
929423
242338
402230
659400
524243
909856
384207
353696
982448
125011
33471
200702
416094
376216
28586
409818
548728
395823
123409
777726
147937
793055
916563
24502
461777
251064
239623
885028
180416
491185
269422
446448
914925
733423
652696
950364
843723
320679
174422
677429
238089
110362
269912
697189
986428
845695
295778
139558
62764
162175
233263
683089
84024
464282
968354
797333
402918
520935
851237
368899
678987
45816
852129
198021
80019
109723
872536
188591
683182
804093
438050
364077
893720
800362
227010
157596
636354
927984
781412
680182
441826
530337
400885
530533
889492
817398
458335
16696
551659
304592
498976
566259
755097
287962
908166
862976
918710
80459
719177
132868
855536
622088
817604
717517
423632
547686
592850
224743
640869
903629
836865
25614
749647
471608
451894
206525
877802
913816
310493
286757
726164
345752
790794
207673
704157
738044
592113
58790
668170
101347
642494
189472
183814
575275
855634
324440
334630
906803
62939
202
502039
14779
526543
720946
378215
810088
31301
945054
301484
444773
45424
671583
440916
920803
595384
841049
152395
499456
942903
867322
940355
860998
679949
203591
14371
300938
915040
629714
599246
353077
325171
134344
1550
872223
238242
149735
661661
765271
388023
119500
424656
514559
687020
61418
316193
697556
137854
499607
597271
143052
118251
130752
789780
569880
342344
334269
58682
591369
961985
463615
55227
429199
410797
925926
889917
474780
137164
77807
960742
226598
153633
832331
958537
118732
239142
616459
677548
153872
234225
406902
971829
591234
631073
129661
312113
950270
44612
147142
18113
81868
848201
903012
578530
256997
153244
649768
503255
975317
911076
999185
18229
476028
537045
782814
20043
706286
696114
546308
963244
618106
700899
526140
425754
874312
976878
712115
31760
447003
692629
888805
635372
860919
325068
502660
353399
574684
660118
697746
918610
928304
457211
418382
203136
838778
513448
899850
453386
724234
172259
163163
517907
222263
550121
695595
679416
599041
844901
419369
598243
753685
233295
815455
979885
228014
818719
893155
334189
492312
311277
242215
102242
283983
376679
287660
574904
971399
461870
867283
674747
344261
48909
107156
546965
542378
517014
706439
12869
740368
818331
382688
624415
428877
7814
735864
29049
46613
707990
748998
869689
485244
188342
483820
112825
60312
410620
347950
836436
757892
280635
218109
879952
237186
76933
329074
424616
118904
568832
254102
409588
145371
11107
863966
153591
344105
839310
772148
614213
473680
43268
221424
970127
425964
226502
36197
199501
16238
167500
755544
139782
326808
918754
419276
291583
365988
242014
957817
260670
213380
811194
28250
335161
811333
710162
51109
144608
418061
152571
622294
760644
284355
88317
996069
736674
402957
150575
313302
503888
519092
726766
481647
649859
709093
417913
525379
703675
441105
454636
663597
304587
379699
213015
578201
56264
425073
601403
464508
840526
371932
213664
138595
614250
860626
917462
109737
564455
643331
100678
602691
271416
674960
148083
644853
91647
518799
304979
404711
647608
845227
970116
520338
26629
853417
859245
767893
823510
741829
772210
585572
606196
483515
819923
924192
474859
487713
868450
228481
246418
124401
205663
690479
470392
875173
791537
969328
539053
274555
658627
370684
371946
802136
764153
461933
167006
272009
956878
202514
332949
545508
977548
161763
329351
878797
371430
696462
416251
830804
952565
135728
563286
387132
715341
41439
18500
671191
608828
241316
121858
940109
879327
967366
312645
884219
958560
557825
847690
500599
303375
532118
149563
612018
617180
184636
225147
109751
98543
733940
881934
490576
636772
845242
741672
424071
596838
177943
515153
712778
598247
891348
523377
844008
100729
225801
508030
345784
398732
464211
717630
501208
671877
341347
56571
704915
9207
93427
171523
14876
383488
959252
965785
935287
132162
244260
300156
867255
722429
999579
868689
236578
361478
607492
428911
400112
500646
910920
438727
376818
150482
243621
95214
340176
593410
334398
170505
57771
792943
651661
866260
284193
107182
785460
119375
28014
119844
590384
927045
250607
37861
367022
527546
428674
373230
8888
150448
403466
24506
402760
296022
953615
632260
745661
242254
559234
957787
236907
531161
339806
693531
918477
227426
176169
606477
16661
642276
217882
237853
760676
549880
957844
256756
77526
737086
657680
640114
833972
300264
349018
171913
986509
322334
773362
313913
35998
569809
266515
625955
862254
973664
755408
964941
572855
517408
586265
787441
897534
984588
104413
718082
518020
116489
375690
600892
686421
204179
549103
235878
319805
673482
391107
646631
325914
351187
334655
370946
157581
426476
140262
311984
476554
540816
12453
580249
783503
579523
816468
201902
380658
832443
502364
816934
660498
436971
216243
517522
622127
336493
544707
807647
514326
48714
522026
4264
247413
66473
487514
519798
70925
982035
87071
476501
779013
112159
391809
649363
333530
478079
532927
763672
542772
587493
814268
199773
279252
286291
430198
409867
147178
20350
270448
664176
197956
779422
678770
261472
773024
912149
129319
775910
508386
497337
845540
587878
664609
991552
300104
584016
905243
701959
457278
624259
571657
113023
616031
282620
840846
665908
903669
24505
776264
744379
840347
613102
836233
303352
101568
437475
45728
819337
919306
392808
778576
336723
695382
714998
249314
358631
858270
71972
70678
189904
860532
459330
549109
808635
903083
945878
181890
548035
713172
655729
827727
7001
517990
798444
658155
475405
686007
671556
372793
420347
688039
756687
197340
784916
242780
553178
965070
162440
973351
634978
893200
533773
725253
12779
706428
16975
514
721663
197366
655028
680568
523142
46529
389834
281270
188991
732845
204112
37884
43929
677934
661854
185570
396592
403465
639154
114967
428839
15399
748119
962439
159454
398348
487155
644886
116944
508705
693614
813642
934924
251885
427067
969797
97038
877026
431300
261103
197754
139220
9654
103410
652468
620484
486758
786207
950110
719195
638494
861870
57455
482546
56585
627170
847405
943182
4790
5835
323271
826089
990732
95397
670993
506667
90379
918174
498908
709112
329658
632437
919601
683043
434547
371326
941866
123392
235335
786690
859118
9942
537551
348739
796615
180787
524560
396700
754530
102042
299914
841287
688994
672216
620317
570489
762336
132981
77273
40296
849731
355909
766369
764780
918201
674270
179642
232131
608783
568227
245877
275439
406579
7039
213623
577850
234115
128558
492194
52058
330321
934453
817954
935087
461686
742194
418582
658152
150800
859534
801432
684742
242457
21198
591595
439481
761957
251785
739968
425574
857528
366324
174629
660618
967041
771083
262840
820215
930278
441842
708286
251023
187682
195443
179110
632407
550458
500585
502616
301746
889978
432189
830685
629552
916631
695437
744766
11145
833833
831289
547147
264439
131510
998858
56695
245357
162408
162814
250336
89655
678881
129972
672301
581615
946853
200688
631633
255897
655606
387148
20396
764764
285181
991356
184464
269342
401380
708604
70240
437690
501376
120280
322709
861985
457900
641111
591450
565578
385137
488773
145175
673111
218977
517532
976780
550790
736067
692367
378259
90320
648616
754674
418823
15201
68444
514441
703492
250933
836984
856107
328196
826956
121621
425298
196840
60489
70363
407426
891608
697133
605367
648084
848321
833002
963435
306015
207997
654951
550719
494465
995729
232976
711701
804431
116943
442262
377242
403607
583644
479818
382872
673102
627212
365009
339049
122651
918249
560645
96391
981311
5267
345641
224702
119199
265665
723334
168706
10351
558757
473318
759069
674685
850990
846636
842432
607575
104935
938062
788859
394074
673981
643953
23432
939161
885149
738720
790274
958054
340796
652712
423219
813440
117424
501138
30090
289817
445884
239294
149100
317378
240681
230296
582177
582581
683023
914554
328367
69631
385779
280414
725252
326728
707786
869438
568460
827520
214556
690506
219107
808872
123460
153669
914724
419962
120532
516349
615072
816758
340117
558181
949803
432075
539819
552592
795920
931422
692887
733260
723428
419769
659223
567513
580856
337939
124456
644101
336104
338168
829227
802277
848144
106261
874853
534834
360735
690978
847329
624125
747715
953836
539760
786448
573316
94910
715281
39011
174893
286955
661803
819576
74788
384955
669751
28116
282459
986416
609594
528794
841887
560371
723184
930245
134222
789856
33157
850945
769765
591275
969404
635879
41527
40493
185139
298067
533818
332239
155645
574052
994876
214353
28399
6352
815027
241720
829559
236449
219185
829970
258661
685648
719286
506471
739981
639996
682272
922366
125189
728903
328765
805833
329098
464718
965505
893038
754175
695363
481299
132530
247573
708904
826241
570436
961286
17833
741269
134564
407418
251671
55487
808494
975181
30525
548273
422279
741480
292449
157514
418466
989836
739736
837098
392048
388077
509446
608100
389346
21947
363058
251729
502812
83963
629634
484033
682999
390804
848215
725005
304691
90662
227463
332488
142264
943445
365939
399060
701447
807204
326277
356048
786434
217083
764808
644015
278612
338187
314212
936932
858046
481992
808308
437945
901887
851605
414790
138175
93664
454334
390894
927136
519961
596702
495239
115856
69155
433889
621832
930978
112923
147620
60414
692023
82192
518713
876075
642129
803817
681798
925499
204869
308342
389453
528543
837519
537425
58374
494665
678464
638768
195112
1730
972626
415179
141318
372203
366620
548132
519446
945998
657504
763192
695182
627616
424962
843392
478120
530709
346132
100516
958084
786400
302796
398909
298667
501766
904983
105221
505329
949022
141574
191902
347573
378407
885095
131707
891075
155590
711343
350703
771736
484122
119250
306192
245765
591613
205557
203207
584620
894234
896699
4151
422439
648358
448060
731080
124489
949949
211860
294223
934844
875673
458263
195420
925257
144881
497378
220255
854263
907180
615117
85943
384586
74880
353916
986137
826924
564524
492437
147673
228650
27086
149644
389208
584405
569249
146649
332043
828873
175831
361995
831843
619850
695631
295286
271838
156874
529908
334600
392042
272327
580593
437562
31729
532113
601940
790562
346246
100201
56894
221989
207466
850629
970756
272009
414266
888049
445286
876584
560441
82127
992938
267520
713270
47359
12756
152104
304090
414233
619843
744285
696656
933463
331307
826235
612113
997520
613866
440839
704971
506591
877065
800105
907693
279650
991698
939767
195473
479774
80201
45036
718343
484032
941576
592695
520122
412286
893626
35952
464834
102812
58356
113445
319365
888587
973227
542099
968330
840236
764438
900080
428956
478770
116001
863333
782935
95013
44938
977049
552146
20482
853660
699369
987497
341376
967238
943924
955813
983533
185560
973458
681930
125943
614745
816356
321470
154887
68935
7942
757713
268360
69932
194401
940781
847430
394009
9118
405019
46769
395458
531573
500911
585152
443317
348387
588306
5362
466744
227642
372138
51439
352959
584274
216488
213517
552007
183901
712685
985264
330002
968729
627994
294729
274239
84830
7091
314367
980357
582871
106862
244394
557388
822413
854686
704891
982568
831839
263095
732730
731378
238030
545277
780200
671941
844085
546254
340675
249042
367125
786696
798312
487457
809486
239640
820306
161765
21226
663392
668736
272890
532244
849860
790005
292861
423974
184658
267481
435464
554848
178315
524989
790472
59764
573842
256124
557757
171261
812528
11005
818830
58832
756034
452180
635847
337963
159808
664712
43568
651339
131818
37359
732299
899994
427601
114294
994089
507844
788991
403773
956393
836010
307652
687583
168334
504368
281054
375439
832252
506673
768644
629726
366287
593042
813647
48153
367576
970100
624453
56782
60470
914243
244740
812783
529228
155115
689224
404176
92388
718955
442777
905547
237984
202177
913940
269059
976216
459717
451539
829829
993301
684434
644796
323146
823849
66015
846627
594457
995305
249451
753821
425097
175753
787031
763234
713508
711442
940557
935581
602344
817730
460574
867284
276391
7296
182442
126447
89358
532090
756792
23207
578690
907933
24742
481740
233638
361328
737018
223794
265209
146382
638614
283257
230301
631998
550474
430328
103730
83824
979332
236934
531233
116055
297250
365988
863093
26589
630568
420746
393379
151943
949581
499277
870058
605543
21424
995305
260885
308088
483368
522865
872414
151001
487993
420368
162797
835881
191586
271931
150910
92091
913554
119669
203360
269942
348347
81790
521945
209676
964864
259353
413799
665109
193992
446201
264609
945735
800628
393415
893116
329364
888045
978642
612970
129441
949526
962772
767773
485086
906913
632541
504490
1094
850941
76447
543496
193397
799533
133589
365559
595681
550964
667664
559165
421238
327341
695391
110219
869906
608823
593114
837439
500442
94156
1611
897923
742199
649523
58554
951954
959665
128268
974996
263387
462374
360585
929015
977086
560806
692284
661469
142707
216366
420298
454306
707466
635776
759423
565427
117708
625563
751804
586325
387329
602268
259275
541455
522123
541105
19027
547446
532144
922806
230950
996755
366517
376302
110776
530802
881445
446495
642027
431114
665969
624650
615109
850436
346993
194373
498755
304426
419849
410871
432199
74797
523815
413040
96748
364370
916136
146850
56250
559163
501978
414976
248053
928462
402908
725234
956112
838532
321442
412914
638079
699664
225237
349382
385514
793449
51607
214042
441341
683702
84388
606393
37980
704725
655700
639464
696756
44489
673148
929375
942765
757886
954933
797733
783611
567289
230388
733959
732052
356320
295128
560372
288572
255267
245251
560376
143932
662342
156127
775827
827313
33613
757506
427062
813120
315843
773356
393049
336231
385446
190829
31035
91759
680370
725540
34295
899133
721480
79266
353984
466056
334331
649388
509049
245285
169016
347231
45235
75327
657487
315182
668932
509154
208674
244935
95936
561014
979497
627093
273367
732040
490655
137246
958027
984644
785612
72395
656268
166271
644400
431880
656881
263473
405321
989186
891605
942656
171521
687245
141708
21175
533944
360296
469889
806037
929449
92696
19950
246402
731067
319088
61750
505053
878182
64434
383778
439728
245312
177488
485366
758277
526948
936203
100527
708114
106557
903997
778076
614799
356340
84210
171158
248168
110004
844208
567774
653390
373846
203607
389329
917481
575022
985315
407498
800040
695281
617103
618708
218296
667905
785428
302922
740306
495831
62608
573582
290415
94348
24321
513250
594007
860868
588144
540134
679959
96568
497898
8110
534801
890462
518825
877119
304493
217014
341970
706279
116462
395763
634264
808310
579103
825029
881022
529116
816748
572095
761977
960033
448396
374762
9843
584443
887260
586661
739948
761295
758920
603639
923899
348231
931170
797811
120691
696972
607700
454150
321889
3744
647922
164193
846001
732187
588521
148029
735664
849984
244693
168207
899691
416572
636206
259658
269559
483514
968801
119244
271434
658789
156477
647526
136903
265915
715716
338315
400599
793739
380066
292308
91826
960523
963322
704813
685182
847768
895451
775968
992078
599434
302545
545404
207307
620979
972760
822561
195312
304949
563308
916267
45935
42045
48060
622585
275249
761248
615292
365337
262651
908688
279194
434193
159724
5946
163976
326348
54050
418624
294584
890016
888957
892814
957478
391352
559163
831451
983374
465379
578243
181566
834431
146104
890109
949546
949192
937187
290526
497288
421326
890641
810561
712112
750463
781876
346481
389635
866081
293427
460483
985575
336196
566642
850976
933728
408150
743609
570465
786120
274325
632131
87699
743723
309215
147621
182681
459137
854565
614233
742641
283016
463294
626535
972239
294206
193880
310063
847717
585336
142793
153749
690884
824290
528067
15305
473436
817684
506150
66097
716511
577036
947568
568118
416708
899790
658832
252968
883432
519253
683544
376015
89359
825908
217360
323023
352903
403214
545766
117367
192749
461806
324355
652006
401801
229316
747450
622362
454037
345469
438234
220438
740699
749886
399331
709744
875452
385404
568021
649780
704652
444794
414179
889848
532251
332448
275655
485182
829647
878325
697007
201151
260845
838650
790549
168602
84662
882722
663404
608409
951982
849713
385398
524891
1912
378159
342514
217892
847516
823305
206131
508286
337323
204997
876492
949001
906170
188960
287208
500006
407242
280774
104118
926716
743752
390958
39425
392293
178159
951055
885533
877369
279755
547522
344637
740853
692441
461173
278370
462087
79691
682761
525230
245944
819751
637578
44951
814390
674191
843208
423031
176189
880795
399574
458879
834530
567394
291742
264716
772348
390232
299615
221202
479023
702097
939013
443893
663318
446244
165732
544822
811724
350891
880400
421450
606039
764710
873115
761287
328050
318911
668204
780151
78902
694248
373688
197967
494628
276192
333984
823994
884497
167701
49511
430222
328687
404132
731918
550496
638900
301372
973391
977586
279976
974624
51698
494475
775696
539723
522190
538272
965362
486381
739360
178990
310213
638420
590721
620201
248119
89126
241415
19278
27354
22666
539451
316949
925868
664807
197618
176578
73345
150852
155018
566171
89231
647887
45634
284724
801494
593273
785335
244774
495530
428286
528439
612254
182622
744898
816516
647569
61263
591383
458919
899213
150858
293979
695725
221739
944539
134079
151363
292449
30131
965986
150953
206324
991093
715355
769878
657738
142621
250518
260329
969885
580813
294869
347335
407308
174710
470424
683029
906444
717599
810328
131667
922747
211413
412653
3155
882517
756976
831759
945685
920575
818557
475385
794817
29121
926157
714601
932097
502737
5273
236676
155960
637514
16720
627991
904866
654524
394367
691577
661833
772700
606300
410700
498465
513564
146479
635042
655297
113942
378270
380924
440830
186593
960339
714541
893862
761094
183628
369309
844374
709197
716479
120873
654073
381808
910951
672232
64349
767345
356847
375497
43059
933255
299514
626968
637347
476020
373965
116447
854666
373042
279002
668649
439313
503755
341930
482082
169323
144648
188133
830810
221866
490305
460929
259839
738452
19653
115051
132428
308337
623225
577260
14440
231633
373100
543839
978222
465350
943777
99656
808578
371374
651287
35643
391842
312513
261684
117499
135076
389514
400845
367620
201170
337267
89941
832741
267614
335160
473375
383364
479491
594110
884497
145990
967803
579004
950951
917702
200471
155863
665121
862146
456766
730252
92043
278741
207620
535303
48295
283678
205478
331664
716984
885056
647264
902245
195309
905923
731371
306850
693033
467289
44182
853661
357035
306682
167296
763726
394591
960688
962992
45163
336896
294575
280145
813330
157864
633244
597645
488352
574069
554542
774212
910687
173850
762034
647465
577563
255295
862504
518009
817557
146518
333003
333017
296401
140028
885358
481548
97418
330823
632962
437454
374598
568306
852404
357711
765764
337122
117171
424271
926929
404884
360335
685842
452730
991718
648765
646785
356379
241726
58103
381597
986902
975195
862784
173280
766304
335222
762757
510258
253877
308308
799519
706692
267499
186219
393526
569997
501796
508142
888063
485663
678430
394039
450597
416741
337317
474321
967174
901116
69480
70303
887828
636842
21416
166699
351452
444671
109516
194063
847459
389191
166546
243130
124140
417256
565408
69216
101591
17951
997048
716480
412644
568145
925258
781971
100308
328592
306212
791246
888560
539117
190981
28372
869475
337141
521487
826556
431874
244105
389722
994426
983213
826078
249637
42348
631629
493325
587751
280963
779004
72023
529220
372876
649029
155449
493787
805274
833728
82216
286972
521810
693856
360170
700023
209427
777992
535505
123983
447040
302167
349396
653454
461099
342981
880331
775922
49247
490853
810439
883845
48522
62090
603979
223498
482885
590854
53035
793107
811586
858702
91264
407600
695313
833145
953605
962305
310606
311399
566418
320493
209451
218430
632434
510443
399510
986128
6371
800189
986694
662296
610473
326589
490919
685795
914319
546384
551904
242188
636603
276215
367421
182176
201645
846020
978302
498592
292372
569513
404219
873380
443277
676652
349042
707420
418425
427447
324143
255154
808057
50059
467479
119244
392777
616725
741712
572461
391478
587865
234448
536123
597437
165451
453633
756315
861762
903356
939982
994744
262441
878449
170381
501795
244053
30864
520649
757332
631099
706292
947371
819215
89442
649887
871940
900770
448441
677839
821817
551883
703124
292009
11659
102390
599365
987794
523009
822179
34835
140957
464629
975078
830170
860894
587321
168584
547134
192221
259684
565003
916685
208103
15804
138955
551217
393790
243521
803776
968846
10992
422676
290976
300990
475909
645762
625825
628774
988881
678193
447516
85685
28650
176742
992269
818361
685876
919281
389111
18909
781336
894774
842981
135619
212691
72472
996363
750778
851755
166083
972234
666524
907388
857942
436498
72263
829744
760876
373986
739894
422285
777158
65899
958651
74983
562262
496466
32859
129015
423722
268308
404358
825092
621172
650309
251249
187646
501106
60401
485970
992170
110078
511011
133815
38902
539956
451011
140996
705198
37243
381018
911367
619399
208050
791730
231865
246681
102521
598233
514196
746986
708953
660036
185740
559717
411345
783183
135339
529066
659774
870498
566348
219199
244134
62320
99379
37476
559329
145561
299720
335939
662628
349743
298094
901894
362667
252950
626180
641155
71554
214085
558008
362707
745649
894057
291459
602240
217154
205672
737861
695644
100400
437570
655293
795758
748206
308628
938852
419656
723920
454647
787303
297396
815386
177285
659776
921932
459172
232316
161520
546345
411558
689274
344155
184820
175974
616232
211391
715800
525563
7604
689938
994264
492093
811958
179512
746748
559435
52660
632414
918247
380792
326145
49846
627524
502802
715264
701071
746847
612497
211910
480464
753616
206297
25181
916368
499537
727532
130917
391317
976049
977007
435222
754728
79073
630359
654432
531409
696940
103216
805619
911093
675460
83082
918938
782408
408887
