-68.9453340382208
-28.842433428307586
-40.06801813216012
60.19726045037763
91.71479075582232
-17.149651982897367
44.443735189525114
73.80532773544539
90.47923379393325
-36.47070975877369
14.38655074168011
85.32183787498397
64.41480845176821
-96.01459964361254
-44.68904671789331
45.93577167532342
53.2237917446933
93.06974917611217
16.840802011983243
-69.3294975581056
-6.986959764006912
-0.019174257207694723
95.93801810395908
-73.65211891111619
28.087787531294026
92.20498220658124
35.71697656188968
-40.60447772158611
-95.1857407917438
-33.12509406150079
83.24722212034871
27.68790795340321
-84.3031391435988
3.9750354457750205
69.50993032546481
71.9010895068117
47.167250000841165
-88.26303306263696
75.64979802133416
24.399782809804393
51.18419140331315
27.731925942604036
31.89092084464417
7.464705117584785
-91.40539567451493
63.58142540567164
-41.038499049144804
17.70710544471305
-18.692166481924772
-63.12866607445267
6.5990138430834975
29.80639961677275
60.68668348703588
20.768633957900335
69.6838816021392
80.24609085758408
-88.8396523395455
-39.99582227719072
-30.223685713118712
-49.488080122852196
-19.084028108420398
-48.70118020367875
-21.692443650181616
-40.74441060568004
-94.3730231340969
66.97443778579702
27.403310593702273
94.21616536000448
66.52812976834008
12.405301719793371
-94.70631403322281
67.23052121104851
-19.25141557685734
51.12939135191519
65.49057669340436
59.453169540261484
99.66591995926075
-94.1466886769677
-7.610056235852085
-61.055086015059736
70.14565912402713
49.24853029632635
-39.31696135468847
-20.92121993850155
73.88230358452586
-64.6493831972692
-98.06283168880296
-16.249171098563835
-98.34042402189043
-9.46254367099175
-51.066879449307876
34.172379647239694
-57.80103860568238
-17.523803784325324
66.82303968804945
12.059421949294418
69.36741725845411
-83.907055869631
-0.10103098499507723
25.32384748870706
